name: gym_env
channels:
  - conda-forge
  - defaults
dependencies:
  - aom=3.6.1=h63175ca_0
  - bzip2=1.0.8=hcfcfb64_5
  - ca-certificates=2024.3.11=haa95532_0
  - cloudpickle=1.6.0=py_0
  - dav1d=1.2.1=hcfcfb64_0
  - expat=2.6.2=h63175ca_0
  - ffmpeg=5.1.2=gpl_h8bb4bc8_112
  - font-ttf-dejavu-sans-mono=2.37=hab24e00_0
  - font-ttf-inconsolata=3.000=h77eed37_0
  - font-ttf-source-code-pro=2.038=h77eed37_0
  - font-ttf-ubuntu=0.83=h77eed37_1
  - fontconfig=2.14.2=hbde0cde_0
  - fonts-conda-ecosystem=1=0
  - fonts-conda-forge=1=0
  - freetype=2.12.1=hdaf720e_2
  - future=1.0.0=pyhd8ed1ab_0
  - gym=0.18.0=py39h832f523_1
  - intel-openmp=2024.1.0=h57928b3_965
  - libblas=3.9.0=22_win64_mkl
  - libcblas=3.9.0=22_win64_mkl
  - libexpat=2.6.2=h63175ca_0
  - libhwloc=2.10.0=default_h2fffb23_1000
  - libiconv=1.17=hcfcfb64_2
  - liblapack=3.9.0=22_win64_mkl
  - libopus=1.3.1=h8ffe710_1
  - libpng=1.6.43=h19919ed_0
  - libxml2=2.12.6=hc3477c8_2
  - libzlib=1.2.13=hcfcfb64_5
  - mkl=2024.1.0=h66d3029_692
  - numpy=1.26.4=py39hddb5d58_0
  - openh264=2.3.1=h63175ca_2
  - openssl=3.2.1=hcfcfb64_1
  - pip=23.3.1=py39haa95532_0
  - pthreads-win32=2.9.1=hfa6e2cd_3
  - pyglet=1.5.27=py39hcbf5309_4
  - python=3.9.19=h1aa4202_0
  - python_abi=3.9=2_cp39
  - scipy=1.13.0=py39hddb5d58_0
  - setuptools=68.2.2=py39haa95532_0
  - sqlite=3.41.2=h2bbff1b_0
  - svt-av1=1.4.1=h63175ca_0
  - tbb=2021.12.0=h91493d7_0
  - tzdata=2024a=h04d1e81_0
  - ucrt=10.0.22621.0=h57928b3_0
  - vc=14.2=h21ff451_1
  - vc14_runtime=14.38.33130=h82b7239_18
  - vs2015_runtime=14.38.33130=hcb4865c_18
  - wheel=0.41.2=py39haa95532_0
  - x264=1!164.3095=h8ffe710_2
  - x265=3.5=h2d74725_3
